model:
  type: xgboost
  hyperparameters:
    learning_rate: 0.08685881328826667
    num_leaves: 10
    max_depth: 5
    lambda_l1: 2.2666210268529523e-05 
    lambda_l2: 6.355923717539633
    min_gain_to_split: 9.84185057242492
    n_estimators: 50
    feature_fraction: 0.9650739761295917 
    bagging_fraction: 0.6219851180942955 
    bagging_freq: 6
    min_child_samples: 21